,Predicted
0,PTSD
1,PTSD
2,anxiety
3,PTSD
4,depression
5,PTSD
6,control
7,eating disorder
8,depression
9,PTSD
10,depression
11,control
12,suicidal
13,PTSD
14,depression
15,depression
16,eating disorder
17,PTSD
18,depression
19,eating disorder
20,eating disorder
21,suicidal
22,PTSD
23,eating disorder
24,depression
25,depression
26,PTSD
27,PTSD
28,eating disorder
29,bipolar
30,suicidal
31,PTSD
32,PTSD
33,eating disorder
34,eating disorder
35,PTSD
36,anxiety
37,suicidal
38,bipolar
39,anxiety
40,control
41,PTSD
42,depression
43,PTSD
44,depression
45,depression
46,control
47,PTSD
48,PTSD
49,suicidal
50,schizophrenia
51,eating disorder
52,depression
53,anxiety
54,PTSD
55,depression
56,PTSD
57,control
58,depression
59,schizophrenia
60,eating disorder
61,PTSD
62,suicidal
63,PTSD
64,eating disorder
65,control
66,PTSD
67,eating disorder
68,control
69,depression
70,schizophrenia
71,bipolar
72,suicidal
73,PTSD
74,PTSD
75,PTSD
76,suicidal
77,depression
78,PTSD
79,PTSD
80,eating disorder
81,PTSD
82,PTSD
83,depression
84,control
85,suicidal
86,PTSD
87,depression
88,schizophrenia
89,PTSD
90,suicidal
91,eating disorder
92,suicidal
93,PTSD
94,eating disorder
95,schizophrenia
96,eating disorder
97,suicidal
98,eating disorder
99,depression
100,schizophrenia
101,PTSD
102,eating disorder
103,eating disorder
104,depression
105,PTSD
106,anxiety
107,PTSD
108,PTSD
109,PTSD
110,schizophrenia
111,eating disorder
112,anxiety
113,eating disorder
114,PTSD
115,eating disorder
116,PTSD
117,PTSD
118,control
119,depression
120,PTSD
121,control
122,bipolar
123,eating disorder
124,PTSD
125,control
126,depression
127,control
128,PTSD
129,PTSD
130,control
131,control
132,suicidal
133,depression
134,depression
135,bipolar
136,suicidal
137,PTSD
138,PTSD
139,anxiety
140,schizophrenia
141,PTSD
142,PTSD
143,control
144,anxiety
145,PTSD
146,PTSD
147,eating disorder
148,suicidal
149,depression
150,PTSD
151,eating disorder
152,suicidal
153,suicidal
154,depression
155,PTSD
156,depression
157,schizophrenia
158,eating disorder
159,anxiety
160,suicidal
161,PTSD
162,schizophrenia
163,depression
164,depression
165,PTSD
166,PTSD
167,depression
168,schizophrenia
169,PTSD
170,depression
171,eating disorder
172,control
173,eating disorder
174,PTSD
175,suicidal
176,eating disorder
177,PTSD
178,PTSD
179,bipolar
180,PTSD
181,PTSD
182,anxiety
183,PTSD
184,bipolar
185,PTSD
186,suicidal
187,PTSD
188,PTSD
189,PTSD
190,control
191,control
192,depression
193,depression
194,anxiety
195,bipolar
196,PTSD
197,PTSD
198,PTSD
199,PTSD
200,PTSD
201,control
202,depression
203,PTSD
204,PTSD
205,anxiety
206,depression
207,suicidal
208,bipolar
209,depression
210,depression
211,anxiety
212,bipolar
213,PTSD
214,suicidal
215,schizophrenia
216,depression
217,PTSD
218,PTSD
219,control
220,anxiety
221,depression
222,bipolar
223,depression
224,eating disorder
225,PTSD
226,depression
227,eating disorder
228,PTSD
229,bipolar
230,schizophrenia
231,bipolar
232,PTSD
233,PTSD
234,bipolar
235,suicidal
236,PTSD
237,depression
238,bipolar
239,suicidal
240,PTSD
241,anxiety
242,PTSD
243,suicidal
244,suicidal
245,PTSD
246,eating disorder
247,depression
248,PTSD
249,PTSD
250,control
251,anxiety
252,depression
253,PTSD
254,control
255,schizophrenia
256,bipolar
257,PTSD
258,eating disorder
259,PTSD
260,PTSD
261,PTSD
262,depression
263,PTSD
264,eating disorder
265,schizophrenia
266,eating disorder
267,bipolar
268,depression
269,control
270,eating disorder
271,depression
272,suicidal
273,control
274,eating disorder
275,suicidal
276,eating disorder
277,control
278,depression
279,eating disorder
280,suicidal
281,PTSD
282,anxiety
283,depression
284,PTSD
285,PTSD
286,PTSD
287,bipolar
288,eating disorder
289,control
290,eating disorder
291,schizophrenia
292,control
293,suicidal
294,suicidal
295,PTSD
296,PTSD
297,control
298,anxiety
299,eating disorder
300,depression
301,PTSD
302,PTSD
303,PTSD
304,suicidal
305,PTSD
306,depression
307,control
308,PTSD
309,schizophrenia
310,PTSD
311,anxiety
312,PTSD
313,schizophrenia
314,depression
315,PTSD
316,PTSD
317,depression
318,eating disorder
319,depression
320,suicidal
321,depression
322,bipolar
323,eating disorder
324,PTSD
325,bipolar
326,depression
327,PTSD
328,depression
329,anxiety
330,control
331,PTSD
332,schizophrenia
333,eating disorder
334,anxiety
335,PTSD
336,depression
337,PTSD
338,PTSD
339,bipolar
340,PTSD
341,depression
342,depression
343,bipolar
344,PTSD
345,PTSD
346,depression
347,depression
348,depression
349,PTSD
350,PTSD
351,depression
352,depression
353,schizophrenia
354,anxiety
355,depression
356,eating disorder
357,eating disorder
358,PTSD
359,control
360,bipolar
361,PTSD
362,bipolar
363,PTSD
364,bipolar
365,control
366,eating disorder
367,control
368,PTSD
369,control
370,depression
371,depression
372,bipolar
373,bipolar
374,PTSD
375,PTSD
376,anxiety
377,depression
378,depression
379,PTSD
380,PTSD
381,suicidal
382,eating disorder
383,suicidal
384,anxiety
385,PTSD
386,PTSD
387,depression
388,eating disorder
389,PTSD
390,control
391,suicidal
392,eating disorder
393,depression
394,PTSD
395,PTSD
396,PTSD
397,schizophrenia
398,schizophrenia
399,suicidal
400,suicidal
401,depression
402,anxiety
403,anxiety
404,control
405,bipolar
406,PTSD
407,suicidal
408,eating disorder
409,suicidal
410,control
411,PTSD
412,PTSD
413,PTSD
414,PTSD
415,PTSD
416,suicidal
417,schizophrenia
418,PTSD
419,PTSD
420,suicidal
421,eating disorder
422,PTSD
423,suicidal
424,PTSD
425,PTSD
426,PTSD
427,depression
428,schizophrenia
429,control
430,control
431,depression
432,control
433,PTSD
434,control
435,bipolar
436,PTSD
437,PTSD
438,PTSD
439,PTSD
440,bipolar
441,control
442,control
443,bipolar
444,depression
445,depression
446,depression
447,suicidal
448,depression
449,anxiety
450,PTSD
451,suicidal
452,suicidal
453,PTSD
454,depression
455,anxiety
456,bipolar
457,depression
458,suicidal
459,depression
460,eating disorder
461,anxiety
462,eating disorder
463,depression
464,eating disorder
465,eating disorder
466,PTSD
467,depression
468,PTSD
469,depression
470,control
471,depression
472,PTSD
473,suicidal
474,depression
475,PTSD
476,depression
477,bipolar
478,depression
479,PTSD
480,depression
481,depression
482,anxiety
483,depression
484,anxiety
485,schizophrenia
486,depression
487,control
488,suicidal
489,anxiety
490,eating disorder
491,suicidal
492,PTSD
493,control
494,depression
495,eating disorder
496,PTSD
497,depression
498,eating disorder
499,PTSD
500,PTSD
501,eating disorder
502,schizophrenia
503,PTSD
504,eating disorder
505,PTSD
506,control
507,depression
508,suicidal
509,depression
510,PTSD
511,PTSD
512,PTSD
513,depression
514,PTSD
515,PTSD
516,PTSD
517,PTSD
518,PTSD
519,depression
520,depression
521,depression
522,eating disorder
523,bipolar
524,depression
525,depression
526,PTSD
527,PTSD
528,anxiety
529,depression
530,depression
531,PTSD
532,anxiety
533,schizophrenia
534,schizophrenia
535,control
536,suicidal
537,depression
538,PTSD
539,bipolar
540,eating disorder
541,bipolar
542,PTSD
543,PTSD
544,PTSD
545,PTSD
546,depression
547,eating disorder
548,depression
549,suicidal
550,control
551,anxiety
552,depression
553,PTSD
554,PTSD
555,schizophrenia
556,bipolar
557,depression
558,depression
559,bipolar
560,eating disorder
561,PTSD
562,suicidal
563,PTSD
564,schizophrenia
565,eating disorder
566,depression
567,PTSD
568,depression
569,depression
570,suicidal
571,PTSD
572,control
573,PTSD
574,depression
575,suicidal
576,depression
577,depression
578,schizophrenia
579,control
580,PTSD
581,depression
582,bipolar
583,eating disorder
584,depression
585,depression
586,suicidal
587,PTSD
588,eating disorder
589,eating disorder
590,PTSD
591,eating disorder
592,anxiety
593,control
594,anxiety
595,control
596,depression
597,bipolar
598,PTSD
599,eating disorder
600,schizophrenia
601,control
602,PTSD
603,depression
604,control
605,bipolar
606,anxiety
607,eating disorder
608,PTSD
609,bipolar
610,depression
611,eating disorder
612,PTSD
613,PTSD
614,depression
615,depression
616,control
617,control
618,PTSD
619,bipolar
620,PTSD
621,depression
622,control
623,suicidal
624,suicidal
625,schizophrenia
626,PTSD
627,PTSD
628,PTSD
629,anxiety
630,PTSD
631,eating disorder
632,anxiety
633,depression
634,PTSD
635,suicidal
636,depression
637,PTSD
638,suicidal
639,bipolar
640,PTSD
641,PTSD
642,depression
643,bipolar
644,depression
645,schizophrenia
646,anxiety
647,suicidal
648,PTSD
649,eating disorder
650,PTSD
651,schizophrenia
652,control
653,depression
654,PTSD
655,PTSD
656,PTSD
657,depression
658,PTSD
659,eating disorder
660,eating disorder
661,control
662,anxiety
663,eating disorder
664,anxiety
665,depression
666,eating disorder
667,PTSD
668,bipolar
669,PTSD
670,suicidal
671,PTSD
672,suicidal
673,bipolar
674,depression
675,control
676,schizophrenia
677,eating disorder
678,depression
679,eating disorder
680,control
681,eating disorder
682,suicidal
683,anxiety
684,PTSD
685,suicidal
686,PTSD
687,eating disorder
688,depression
689,schizophrenia
690,PTSD
691,PTSD
692,control
693,eating disorder
694,suicidal
695,depression
696,suicidal
697,PTSD
698,PTSD
699,eating disorder
700,bipolar
701,PTSD
702,PTSD
703,depression
704,eating disorder
705,depression
706,eating disorder
707,PTSD
708,eating disorder
709,PTSD
710,control
711,depression
712,schizophrenia
713,eating disorder
714,suicidal
715,anxiety
716,PTSD
717,eating disorder
718,bipolar
719,anxiety
720,bipolar
721,depression
722,eating disorder
723,depression
724,depression
725,bipolar
726,anxiety
727,depression
728,bipolar
729,bipolar
730,anxiety
731,PTSD
732,PTSD
733,anxiety
734,depression
735,eating disorder
736,control
737,PTSD
738,PTSD
739,eating disorder
740,depression
741,schizophrenia
742,PTSD
743,depression
744,bipolar
745,control
746,depression
747,bipolar
748,eating disorder
749,control
750,PTSD
751,bipolar
752,eating disorder
753,suicidal
754,bipolar
755,PTSD
756,depression
757,anxiety
758,eating disorder
759,suicidal
760,depression
761,PTSD
762,PTSD
763,PTSD
764,depression
765,anxiety
766,control
767,PTSD
768,depression
769,anxiety
770,PTSD
771,suicidal
772,PTSD
773,eating disorder
774,schizophrenia
775,PTSD
776,PTSD
777,eating disorder
778,eating disorder
779,PTSD
780,eating disorder
781,PTSD
782,bipolar
783,eating disorder
784,depression
785,depression
786,anxiety
787,PTSD
788,anxiety
789,bipolar
790,depression
791,suicidal
792,control
793,eating disorder
794,eating disorder
795,PTSD
796,PTSD
797,PTSD
798,eating disorder
799,PTSD
800,PTSD
801,depression
802,PTSD
803,eating disorder
804,PTSD
805,PTSD
806,anxiety
807,PTSD
808,depression
809,schizophrenia
810,schizophrenia
811,eating disorder
812,suicidal
813,eating disorder
814,anxiety
815,suicidal
816,schizophrenia
817,suicidal
818,PTSD
819,eating disorder
820,PTSD
821,PTSD
822,suicidal
823,PTSD
824,PTSD
825,suicidal
826,depression
827,control
828,depression
829,suicidal
830,depression
831,bipolar
832,eating disorder
833,anxiety
834,suicidal
835,suicidal
836,depression
837,depression
838,depression
839,PTSD
840,depression
841,bipolar
842,PTSD
843,PTSD
844,PTSD
845,PTSD
846,PTSD
847,depression
848,control
849,suicidal
850,eating disorder
851,PTSD
852,bipolar
853,depression
854,depression
855,PTSD
856,control
857,bipolar
858,PTSD
859,bipolar
860,PTSD
861,anxiety
862,suicidal
863,anxiety
864,depression
865,PTSD
866,depression
867,PTSD
868,depression
869,anxiety
870,eating disorder
871,depression
872,eating disorder
873,PTSD
874,anxiety
875,anxiety
876,depression
877,suicidal
878,PTSD
879,anxiety
880,anxiety
881,eating disorder
882,PTSD
883,bipolar
884,control
885,eating disorder
886,anxiety
887,PTSD
888,control
889,anxiety
890,schizophrenia
891,eating disorder
892,depression
893,PTSD
894,suicidal
895,depression
896,anxiety
897,PTSD
898,PTSD
899,PTSD
900,suicidal
901,control
902,PTSD
903,depression
904,depression
905,control
906,PTSD
907,PTSD
908,bipolar
909,PTSD
910,eating disorder
911,bipolar
912,eating disorder
913,depression
914,depression
915,eating disorder
916,PTSD
917,depression
918,suicidal
919,eating disorder
920,PTSD
921,anxiety
922,eating disorder
923,PTSD
924,PTSD
925,depression
926,PTSD
927,bipolar
928,suicidal
929,bipolar
930,suicidal
931,bipolar
932,PTSD
933,PTSD
934,bipolar
935,suicidal
936,control
937,eating disorder
938,PTSD
939,eating disorder
940,depression
941,PTSD
942,PTSD
943,control
944,control
945,depression
946,control
947,PTSD
948,PTSD
949,depression
950,depression
951,suicidal
952,PTSD
953,PTSD
954,eating disorder
955,depression
956,depression
957,depression
958,depression
959,bipolar
960,anxiety
961,anxiety
962,depression
963,depression
964,eating disorder
965,depression
966,control
967,depression
968,bipolar
969,suicidal
970,eating disorder
971,PTSD
972,schizophrenia
973,control
974,control
975,suicidal
976,control
977,bipolar
978,depression
979,suicidal
980,PTSD
981,bipolar
982,bipolar
983,PTSD
984,eating disorder
985,PTSD
986,control
987,PTSD
988,PTSD
989,suicidal
990,bipolar
991,PTSD
992,suicidal
993,PTSD
994,depression
995,depression
996,eating disorder
997,depression
998,PTSD
999,eating disorder
1000,eating disorder
1001,anxiety
1002,control
1003,PTSD
1004,PTSD
1005,depression
1006,depression
1007,depression
1008,depression
1009,anxiety
1010,PTSD
1011,control
1012,depression
1013,PTSD
1014,control
1015,bipolar
1016,depression
1017,PTSD
1018,control
1019,anxiety
1020,depression
1021,PTSD
1022,eating disorder
1023,PTSD
1024,PTSD
1025,bipolar
1026,PTSD
1027,suicidal
1028,anxiety
1029,anxiety
1030,PTSD
1031,depression
1032,depression
1033,eating disorder
1034,anxiety
1035,PTSD
1036,depression
1037,anxiety
1038,suicidal
1039,suicidal
1040,anxiety
1041,PTSD
1042,suicidal
1043,bipolar
1044,PTSD
1045,bipolar
1046,depression
1047,depression
1048,PTSD
1049,suicidal
1050,PTSD
1051,anxiety
1052,eating disorder
1053,eating disorder
1054,PTSD
1055,schizophrenia
1056,PTSD
1057,eating disorder
1058,depression
1059,PTSD
1060,suicidal
1061,depression
1062,anxiety
1063,anxiety
1064,PTSD
1065,control
1066,schizophrenia
1067,eating disorder
1068,depression
1069,anxiety
1070,PTSD
1071,suicidal
1072,bipolar
1073,depression
1074,depression
1075,eating disorder
1076,bipolar
1077,suicidal
1078,PTSD
1079,suicidal
1080,depression
1081,depression
1082,suicidal
1083,PTSD
1084,eating disorder
1085,PTSD
1086,eating disorder
1087,control
1088,bipolar
1089,eating disorder
1090,PTSD
1091,depression
1092,suicidal
1093,depression
1094,control
1095,depression
1096,anxiety
1097,depression
1098,schizophrenia
1099,schizophrenia
1100,PTSD
1101,bipolar
1102,depression
1103,suicidal
1104,bipolar
1105,depression
1106,PTSD
1107,eating disorder
1108,PTSD
1109,PTSD
1110,depression
1111,PTSD
1112,PTSD
1113,depression
1114,anxiety
1115,PTSD
1116,anxiety
1117,eating disorder
1118,control
1119,schizophrenia
1120,suicidal
1121,depression
1122,PTSD
1123,PTSD
1124,PTSD
1125,PTSD
1126,depression
1127,bipolar
1128,PTSD
1129,PTSD
1130,suicidal
1131,PTSD
1132,control
1133,PTSD
1134,suicidal
1135,eating disorder
1136,bipolar
1137,suicidal
1138,bipolar
1139,schizophrenia
1140,depression
1141,suicidal
1142,suicidal
1143,control
1144,PTSD
1145,suicidal
1146,schizophrenia
1147,PTSD
1148,suicidal
1149,PTSD
1150,eating disorder
1151,schizophrenia
1152,bipolar
1153,schizophrenia
1154,suicidal
1155,PTSD
1156,PTSD
1157,control
1158,depression
1159,control
1160,schizophrenia
1161,eating disorder
1162,PTSD
1163,PTSD
1164,PTSD
1165,eating disorder
1166,anxiety
1167,anxiety
1168,schizophrenia
1169,depression
1170,depression
1171,depression
1172,bipolar
1173,PTSD
1174,control
1175,eating disorder
1176,suicidal
1177,schizophrenia
1178,eating disorder
1179,PTSD
1180,eating disorder
1181,PTSD
1182,PTSD
1183,suicidal
1184,eating disorder
1185,PTSD
1186,depression
1187,PTSD
1188,control
1189,eating disorder
1190,suicidal
1191,bipolar
1192,anxiety
1193,suicidal
1194,PTSD
1195,PTSD
1196,depression
1197,PTSD
1198,depression
1199,suicidal
1200,anxiety
1201,depression
1202,eating disorder
1203,PTSD
1204,PTSD
1205,eating disorder
1206,PTSD
1207,anxiety
1208,eating disorder
1209,PTSD
1210,depression
1211,PTSD
1212,PTSD
1213,bipolar
1214,depression
1215,PTSD
1216,eating disorder
1217,PTSD
1218,suicidal
1219,depression
1220,bipolar
1221,eating disorder
1222,bipolar
1223,eating disorder
1224,suicidal
1225,control
1226,anxiety
1227,PTSD
1228,schizophrenia
1229,anxiety
1230,PTSD
1231,schizophrenia
1232,depression
1233,anxiety
1234,bipolar
1235,control
1236,control
1237,PTSD
1238,PTSD
1239,bipolar
1240,control
1241,PTSD
1242,schizophrenia
1243,PTSD
1244,bipolar
1245,bipolar
1246,suicidal
1247,PTSD
1248,PTSD
1249,control
1250,PTSD
1251,depression
1252,PTSD
1253,depression
1254,PTSD
1255,PTSD
1256,PTSD
1257,PTSD
1258,control
1259,depression
1260,depression
1261,schizophrenia
1262,suicidal
1263,eating disorder
1264,eating disorder
1265,control
1266,depression
1267,bipolar
1268,bipolar
1269,anxiety
1270,PTSD
1271,schizophrenia
1272,PTSD
1273,control
1274,depression
1275,bipolar
1276,anxiety
1277,suicidal
1278,eating disorder
1279,bipolar
1280,schizophrenia
1281,PTSD
1282,PTSD
1283,schizophrenia
1284,eating disorder
1285,eating disorder
1286,eating disorder
1287,PTSD
1288,PTSD
1289,PTSD
1290,anxiety
1291,PTSD
1292,anxiety
1293,PTSD
1294,PTSD
1295,PTSD
1296,PTSD
1297,PTSD
1298,depression
1299,suicidal
1300,eating disorder
1301,PTSD
1302,PTSD
1303,schizophrenia
1304,eating disorder
1305,control
1306,PTSD
1307,depression
1308,eating disorder
1309,depression
1310,PTSD
1311,PTSD
1312,PTSD
1313,eating disorder
1314,PTSD
1315,PTSD
1316,depression
1317,schizophrenia
1318,PTSD
1319,PTSD
1320,PTSD
1321,schizophrenia
1322,PTSD
1323,PTSD
1324,depression
1325,bipolar
1326,anxiety
1327,eating disorder
1328,PTSD
1329,bipolar
1330,bipolar
1331,depression
1332,PTSD
1333,schizophrenia
1334,anxiety
1335,eating disorder
1336,suicidal
1337,eating disorder
1338,eating disorder
1339,eating disorder
1340,schizophrenia
1341,PTSD
1342,control
1343,bipolar
1344,eating disorder
1345,PTSD
1346,depression
1347,schizophrenia
1348,bipolar
1349,PTSD
1350,depression
1351,PTSD
1352,anxiety
1353,schizophrenia
1354,bipolar
1355,PTSD
1356,suicidal
1357,anxiety
1358,control
1359,PTSD
1360,suicidal
1361,schizophrenia
1362,bipolar
1363,PTSD
1364,anxiety
1365,PTSD
1366,bipolar
1367,PTSD
1368,anxiety
1369,bipolar
1370,PTSD
1371,PTSD
1372,PTSD
1373,schizophrenia
1374,PTSD
1375,anxiety
1376,schizophrenia
1377,PTSD
1378,PTSD
1379,control
1380,bipolar
1381,control
1382,bipolar
1383,anxiety
1384,suicidal
1385,PTSD
1386,suicidal
1387,depression
1388,eating disorder
1389,depression
1390,PTSD
1391,eating disorder
1392,PTSD
1393,control
1394,depression
1395,eating disorder
1396,eating disorder
1397,bipolar
1398,depression
1399,PTSD
1400,PTSD
1401,PTSD
1402,depression
1403,anxiety
1404,PTSD
1405,suicidal
1406,PTSD
1407,suicidal
1408,depression
1409,PTSD
1410,depression
1411,PTSD
1412,control
1413,PTSD
1414,control
1415,control
1416,PTSD
1417,PTSD
1418,depression
1419,PTSD
1420,anxiety
1421,bipolar
1422,PTSD
1423,PTSD
1424,depression
1425,control
1426,PTSD
1427,depression
1428,PTSD
1429,eating disorder
1430,PTSD
1431,PTSD
1432,PTSD
1433,eating disorder
1434,PTSD
1435,depression
1436,eating disorder
1437,PTSD
1438,bipolar
1439,bipolar
1440,bipolar
1441,PTSD
1442,depression
1443,anxiety
1444,eating disorder
1445,PTSD
1446,eating disorder
1447,suicidal
1448,PTSD
1449,PTSD
1450,PTSD
1451,control
1452,bipolar
1453,depression
1454,depression
1455,eating disorder
1456,suicidal
1457,anxiety
1458,depression
1459,schizophrenia
1460,PTSD
1461,depression
1462,depression
1463,depression
1464,depression
1465,PTSD
1466,eating disorder
1467,bipolar
1468,bipolar
1469,bipolar
1470,depression
1471,PTSD
1472,depression
1473,eating disorder
1474,PTSD
1475,suicidal
1476,depression
1477,anxiety
1478,PTSD
1479,anxiety
1480,depression
1481,suicidal
1482,depression
1483,depression
1484,depression
1485,schizophrenia
1486,bipolar
1487,anxiety
1488,depression
1489,PTSD
1490,PTSD
1491,PTSD
1492,suicidal
1493,PTSD
1494,control
1495,depression
1496,PTSD
1497,eating disorder
1498,suicidal
1499,PTSD
1500,suicidal
1501,bipolar
1502,depression
1503,PTSD
1504,suicidal
1505,suicidal
1506,PTSD
1507,PTSD
1508,bipolar
1509,PTSD
1510,bipolar
1511,depression
1512,suicidal
1513,control
1514,PTSD
1515,PTSD
1516,eating disorder
1517,PTSD
1518,PTSD
1519,depression
1520,depression
1521,depression
1522,depression
1523,bipolar
1524,schizophrenia
1525,eating disorder
1526,PTSD
1527,PTSD
1528,PTSD
1529,eating disorder
1530,eating disorder
1531,eating disorder
1532,control
1533,depression
1534,eating disorder
1535,bipolar
1536,suicidal
1537,PTSD
1538,control
1539,depression
1540,PTSD
1541,PTSD
1542,PTSD
1543,PTSD
1544,PTSD
1545,PTSD
1546,eating disorder
1547,eating disorder
1548,PTSD
1549,eating disorder
1550,PTSD
1551,suicidal
1552,PTSD
1553,depression
1554,PTSD
1555,anxiety
1556,PTSD
1557,depression
1558,bipolar
1559,PTSD
1560,anxiety
1561,control
1562,depression
1563,bipolar
1564,control
1565,depression
1566,suicidal
1567,anxiety
1568,bipolar
1569,eating disorder
1570,PTSD
1571,PTSD
1572,depression
1573,eating disorder
1574,PTSD
1575,eating disorder
1576,suicidal
1577,suicidal
1578,depression
1579,PTSD
1580,control
1581,schizophrenia
1582,suicidal
1583,PTSD
1584,PTSD
1585,depression
1586,eating disorder
1587,PTSD
1588,bipolar
1589,eating disorder
1590,PTSD
1591,PTSD
1592,PTSD
1593,suicidal
1594,PTSD
1595,PTSD
1596,control
1597,PTSD
1598,depression
1599,depression
1600,schizophrenia
1601,PTSD
1602,bipolar
1603,PTSD
1604,PTSD
1605,PTSD
1606,bipolar
1607,PTSD
1608,schizophrenia
1609,suicidal
1610,control
1611,PTSD
1612,schizophrenia
1613,bipolar
1614,depression
1615,PTSD
1616,eating disorder
1617,depression
1618,suicidal
1619,depression
1620,schizophrenia
1621,suicidal
1622,PTSD
1623,depression
1624,bipolar
1625,eating disorder
1626,bipolar
1627,suicidal
1628,control
1629,control
1630,eating disorder
1631,PTSD
1632,PTSD
1633,bipolar
1634,bipolar
1635,schizophrenia
1636,depression
1637,eating disorder
1638,PTSD
1639,depression
1640,PTSD
1641,eating disorder
1642,depression
1643,control
1644,suicidal
1645,bipolar
1646,PTSD
1647,bipolar
1648,PTSD
1649,anxiety
1650,bipolar
1651,PTSD
1652,suicidal
1653,PTSD
1654,anxiety
1655,bipolar
1656,PTSD
1657,eating disorder
1658,PTSD
1659,PTSD
1660,PTSD
1661,PTSD
1662,PTSD
1663,bipolar
1664,suicidal
1665,control
1666,control
1667,PTSD
1668,depression
1669,eating disorder
1670,PTSD
1671,PTSD
1672,eating disorder
1673,depression
1674,PTSD
1675,PTSD
1676,eating disorder
1677,anxiety
1678,eating disorder
1679,control
1680,PTSD
1681,bipolar
1682,eating disorder
1683,bipolar
1684,PTSD
1685,control
1686,suicidal
1687,bipolar
1688,anxiety
1689,PTSD
1690,depression
1691,schizophrenia
1692,eating disorder
1693,suicidal
1694,control
1695,eating disorder
1696,PTSD
1697,PTSD
1698,PTSD
1699,PTSD
1700,schizophrenia
1701,eating disorder
1702,PTSD
1703,suicidal
1704,schizophrenia
1705,PTSD
1706,PTSD
1707,PTSD
1708,PTSD
1709,PTSD
1710,PTSD
1711,suicidal
1712,depression
1713,bipolar
1714,anxiety
1715,depression
1716,anxiety
1717,PTSD
1718,eating disorder
1719,bipolar
1720,PTSD
1721,PTSD
1722,suicidal
1723,eating disorder
1724,eating disorder
1725,depression
1726,PTSD
1727,eating disorder
1728,suicidal
1729,PTSD
1730,PTSD
1731,suicidal
1732,bipolar
1733,bipolar
1734,PTSD
1735,anxiety
1736,suicidal
1737,suicidal
1738,PTSD
1739,PTSD
1740,eating disorder
1741,control
1742,PTSD
1743,PTSD
1744,schizophrenia
1745,bipolar
1746,eating disorder
1747,eating disorder
1748,anxiety
1749,suicidal
1750,bipolar
1751,schizophrenia
1752,PTSD
1753,PTSD
1754,depression
1755,depression
1756,depression
1757,depression
1758,PTSD
1759,PTSD
1760,suicidal
1761,PTSD
1762,eating disorder
1763,PTSD
1764,bipolar
1765,PTSD
1766,depression
1767,PTSD
1768,PTSD
1769,schizophrenia
1770,depression
1771,bipolar
1772,PTSD
1773,bipolar
1774,control
1775,PTSD
1776,schizophrenia
1777,depression
1778,depression
1779,suicidal
1780,depression
1781,bipolar
1782,bipolar
1783,eating disorder
1784,depression
1785,PTSD
1786,control
1787,bipolar
1788,depression
1789,depression
1790,eating disorder
1791,control
1792,control
1793,anxiety
1794,suicidal
1795,bipolar
1796,PTSD
1797,PTSD
1798,suicidal
1799,suicidal
1800,depression
1801,depression
1802,depression
1803,PTSD
1804,PTSD
1805,eating disorder
1806,PTSD
1807,PTSD
1808,PTSD
1809,PTSD
1810,PTSD
1811,PTSD
1812,schizophrenia
1813,PTSD
1814,bipolar
1815,depression
1816,suicidal
1817,schizophrenia
1818,depression
1819,PTSD
1820,suicidal
1821,eating disorder
1822,control
1823,PTSD
1824,PTSD
1825,suicidal
1826,PTSD
1827,PTSD
1828,bipolar
1829,anxiety
1830,PTSD
1831,PTSD
1832,schizophrenia
1833,control
1834,schizophrenia
1835,depression
1836,control
1837,schizophrenia
1838,anxiety
1839,eating disorder
1840,depression
1841,schizophrenia
1842,depression
1843,PTSD
1844,PTSD
1845,PTSD
1846,eating disorder
1847,depression
1848,control
1849,suicidal
1850,PTSD
1851,bipolar
1852,control
1853,PTSD
1854,PTSD
1855,schizophrenia
1856,schizophrenia
1857,PTSD
1858,PTSD
1859,anxiety
1860,PTSD
1861,depression
1862,PTSD
1863,PTSD
1864,PTSD
1865,bipolar
1866,PTSD
1867,PTSD
1868,depression
1869,suicidal
1870,PTSD
1871,PTSD
1872,PTSD
1873,eating disorder
1874,schizophrenia
1875,bipolar
1876,schizophrenia
1877,control
1878,anxiety
1879,control
1880,control
1881,bipolar
1882,PTSD
1883,control
1884,suicidal
1885,anxiety
1886,PTSD
1887,suicidal
1888,anxiety
1889,suicidal
1890,depression
1891,anxiety
1892,PTSD
1893,anxiety
1894,depression
1895,PTSD
1896,control
1897,bipolar
1898,anxiety
1899,bipolar
1900,PTSD
1901,eating disorder
1902,PTSD
1903,eating disorder
1904,control
1905,PTSD
1906,control
1907,bipolar
1908,PTSD
1909,suicidal
1910,eating disorder
1911,depression
1912,eating disorder
1913,PTSD
1914,PTSD
1915,bipolar
1916,eating disorder
1917,control
1918,eating disorder
1919,bipolar
1920,depression
1921,PTSD
1922,PTSD
1923,PTSD
1924,PTSD
1925,eating disorder
1926,schizophrenia
1927,control
1928,eating disorder
1929,eating disorder
1930,depression
1931,schizophrenia
1932,schizophrenia
1933,depression
1934,schizophrenia
1935,suicidal
1936,depression
1937,suicidal
1938,suicidal
1939,PTSD
1940,depression
1941,PTSD
1942,eating disorder
1943,eating disorder
1944,PTSD
1945,suicidal
1946,eating disorder
1947,depression
1948,depression
1949,depression
1950,bipolar
1951,PTSD
1952,suicidal
1953,PTSD
1954,depression
1955,PTSD
1956,depression
1957,eating disorder
1958,suicidal
1959,PTSD
1960,anxiety
1961,eating disorder
1962,eating disorder
1963,control
1964,depression
1965,depression
1966,PTSD
1967,depression
1968,anxiety
1969,eating disorder
1970,PTSD
1971,PTSD
1972,anxiety
1973,PTSD
1974,depression
1975,PTSD
1976,PTSD
1977,PTSD
1978,schizophrenia
1979,PTSD
1980,depression
1981,bipolar
1982,eating disorder
1983,PTSD
1984,suicidal
1985,PTSD
1986,bipolar
1987,bipolar
1988,suicidal
1989,control
1990,PTSD
1991,bipolar
1992,suicidal
1993,PTSD
1994,PTSD
1995,PTSD
1996,PTSD
1997,schizophrenia
1998,eating disorder
1999,PTSD
2000,bipolar
2001,eating disorder
2002,PTSD
2003,eating disorder
2004,PTSD
2005,PTSD
2006,depression
2007,PTSD
2008,PTSD
2009,control
2010,PTSD
2011,PTSD
2012,PTSD
2013,control
2014,schizophrenia
2015,depression
2016,suicidal
2017,suicidal
2018,eating disorder
2019,eating disorder
2020,PTSD
2021,PTSD
2022,PTSD
2023,anxiety
2024,PTSD
2025,depression
2026,eating disorder
2027,depression
2028,bipolar
2029,PTSD
2030,eating disorder
2031,PTSD
2032,suicidal
2033,anxiety
2034,PTSD
2035,suicidal
2036,PTSD
2037,depression
2038,PTSD
2039,PTSD
2040,depression
2041,bipolar
2042,PTSD
2043,depression
2044,depression
2045,depression
2046,depression
2047,PTSD
2048,suicidal
2049,PTSD
2050,PTSD
2051,eating disorder
2052,depression
2053,PTSD
2054,PTSD
2055,depression
2056,suicidal
2057,suicidal
2058,depression
2059,control
2060,PTSD
2061,control
2062,schizophrenia
2063,PTSD
2064,PTSD
2065,PTSD
2066,eating disorder
2067,PTSD
2068,depression
2069,control
2070,control
2071,depression
2072,depression
2073,anxiety
2074,depression
2075,eating disorder
2076,anxiety
2077,PTSD
2078,PTSD
2079,PTSD
2080,anxiety
2081,suicidal
2082,PTSD
2083,PTSD
2084,suicidal
2085,eating disorder
2086,anxiety
2087,PTSD
2088,eating disorder
2089,PTSD
2090,eating disorder
2091,depression
2092,suicidal
2093,PTSD
2094,anxiety
2095,anxiety
2096,PTSD
2097,PTSD
2098,PTSD
2099,depression
2100,PTSD
2101,depression
2102,anxiety
2103,anxiety
2104,eating disorder
2105,schizophrenia
2106,bipolar
2107,eating disorder
2108,depression
2109,depression
2110,control
2111,PTSD
2112,eating disorder
2113,depression
2114,schizophrenia
2115,schizophrenia
2116,anxiety
2117,depression
2118,control
2119,PTSD
2120,depression
2121,PTSD
2122,PTSD
2123,bipolar
2124,PTSD
2125,depression
2126,depression
2127,suicidal
2128,depression
2129,control
2130,suicidal
2131,PTSD
2132,eating disorder
2133,PTSD
2134,eating disorder
2135,bipolar
2136,suicidal
2137,eating disorder
2138,eating disorder
2139,control
2140,schizophrenia
2141,PTSD
2142,PTSD
2143,depression
2144,control
2145,depression
2146,PTSD
2147,PTSD
2148,PTSD
2149,depression
2150,suicidal
2151,eating disorder
2152,eating disorder
2153,bipolar
2154,eating disorder
2155,bipolar
2156,schizophrenia
2157,bipolar
2158,control
2159,bipolar
2160,depression
2161,eating disorder
2162,bipolar
2163,PTSD
2164,eating disorder
2165,depression
2166,eating disorder
2167,PTSD
2168,eating disorder
2169,control
2170,PTSD
2171,depression
2172,PTSD
2173,anxiety
2174,eating disorder
2175,eating disorder
2176,PTSD
2177,PTSD
2178,eating disorder
2179,suicidal
2180,PTSD
2181,PTSD
2182,eating disorder
2183,suicidal
2184,PTSD
2185,PTSD
2186,eating disorder
2187,control
2188,anxiety
2189,control
2190,control
2191,depression
2192,PTSD
2193,depression
2194,suicidal
2195,PTSD
2196,depression
2197,PTSD
2198,PTSD
2199,depression
2200,suicidal
2201,depression
2202,PTSD
2203,depression
2204,PTSD
2205,schizophrenia
2206,suicidal
2207,PTSD
2208,PTSD
2209,eating disorder
2210,bipolar
2211,suicidal
2212,eating disorder
2213,PTSD
2214,depression
2215,PTSD
2216,anxiety
2217,bipolar
2218,suicidal
2219,PTSD
2220,bipolar
2221,anxiety
2222,PTSD
2223,bipolar
2224,suicidal
2225,anxiety
2226,depression
2227,depression
2228,PTSD
2229,schizophrenia
2230,depression
2231,control
2232,anxiety
2233,depression
2234,anxiety
2235,PTSD
2236,bipolar
2237,eating disorder
2238,suicidal
2239,depression
2240,depression
2241,PTSD
2242,depression
2243,depression
2244,suicidal
2245,eating disorder
2246,depression
2247,bipolar
2248,PTSD
2249,depression
2250,suicidal
2251,eating disorder
2252,PTSD
2253,PTSD
2254,depression
2255,depression
2256,depression
2257,suicidal
2258,depression
2259,depression
2260,eating disorder
2261,PTSD
2262,eating disorder
2263,depression
2264,PTSD
2265,bipolar
2266,PTSD
2267,PTSD
2268,depression
2269,PTSD
2270,PTSD
2271,PTSD
2272,depression
2273,eating disorder
2274,PTSD
2275,depression
2276,PTSD
2277,schizophrenia
2278,PTSD
2279,depression
2280,eating disorder
2281,depression
2282,depression
2283,depression
2284,PTSD
2285,PTSD
2286,eating disorder
2287,depression
2288,depression
2289,eating disorder
2290,depression
2291,depression
2292,eating disorder
2293,PTSD
2294,depression
2295,eating disorder
2296,PTSD
2297,depression
2298,bipolar
2299,eating disorder
2300,PTSD
2301,depression
2302,PTSD
2303,depression
2304,PTSD
2305,PTSD
2306,depression
2307,PTSD
2308,PTSD
2309,schizophrenia
2310,control
2311,eating disorder
2312,eating disorder
2313,eating disorder
2314,control
2315,eating disorder
2316,depression
2317,PTSD
2318,PTSD
2319,bipolar
2320,suicidal
2321,anxiety
2322,schizophrenia
2323,bipolar
2324,control
2325,depression
2326,eating disorder
2327,PTSD
2328,control
2329,PTSD
2330,PTSD
2331,PTSD
2332,eating disorder
2333,schizophrenia
2334,eating disorder
2335,PTSD
2336,control
2337,eating disorder
2338,depression
2339,PTSD
2340,eating disorder
2341,control
2342,PTSD
2343,PTSD
2344,bipolar
2345,depression
2346,PTSD
2347,suicidal
2348,suicidal
2349,anxiety
2350,bipolar
2351,suicidal
2352,depression
2353,control
2354,PTSD
2355,depression
2356,eating disorder
2357,PTSD
2358,bipolar
2359,depression
2360,schizophrenia
2361,anxiety
